0 0.15756168359941947 0.7018867924528301 0.28869997926601704 0.6981132075471698 0.2916359112585528 0.060377358490566045 0.1595189715944433 0.05283018867924529
0 0.340568111134149 0.6716981132075471 0.4628986108231391 0.6641509433962264 0.46681318681318684 0.05283018867924529 0.3464399751192204 0.045283018867924525
0 0.5206386066763425 0.6641509433962264 0.6380758863777731 0.6830188679245282 0.6429691063653329 0.04150943396226415 0.5177026746838068 0.049056603773584916
0 0.8220609579100145 0.6830188679245282 0.6928799502384408 0.679245283018868 0.6977731702260005 0.07169811320754717 0.8191250259174788 0.05283018867924529
0 0.8660999377980511 0.679245283018868 0.9894090814845533 0.6679245283018868 0.9874517934895295 0.05660377358490567 0.8641426498030271 0.07169811320754717
6 0.1722413435620983 0.9547169811320755 0.1722413435620983 0.8830188679245283 0.2652125233257309 0.8754716981132076 0.2661911673232428 0.9358490566037736
6 0.016636947957702677 0.8679245283018868 0.0176155919552146 0.9245283018867925 0.0352311839104292 0.9245283018867925 0.0352311839104292 0.8641509433962264
6 0.3395894671366369 0.879245283018868 0.34056811113414887 0.9283018867924528 0.4628986108231391 0.9283018867924528 0.45898403483309147 0.8716981132075472
6 0.5196599626788306 0.879245283018868 0.5206386066763425 0.939622641509434 0.6498196143479162 0.939622641509434 0.6468836823553805 0.8754716981132076
6 0.7212606261662866 0.879245283018868 0.7212606261662866 0.9245283018867925 0.8034667219572882 0.9358490566037736 0.8015094339622643 0.8867924528301887
6 0.9032884097035043 0.8037735849056604 0.8817582417582418 0.9245283018867925 0.9806012855069458 0.9207547169811321 0.9669002695417791 0.8150943396226416
