6 0.5662818471337578 0.5302547770700637 0.5672770700636943 0.5828025477707007 0.7434315286624203 0.5828025477707007 0.7872213375796179 0.5302547770700637
6 0.08857484076433121 0.4904458598726114 0.09056528662420382 0.5318471337579618 0.2657245222929936 0.5302547770700637 0.2667197452229299 0.5143312101910829 0.16222133757961782 0.5063694267515924 0.16023089171974522 0.4888535031847134
6 0.0865843949044586 0.17834394904458598 0.08757961783439489 0.22611464968152867 0.27567675159235666 0.22770700636942676 0.27567675159235666 0.2070063694267516 0.15425955414012738 0.19904458598726116 0.15326433121019106 0.17834394904458598
6 0.3443471337579618 0.18152866242038215 0.34534235668789814 0.22929936305732487 0.5025875796178344 0.22770700636942676 0.5005971337579618 0.20382165605095545 0.4349124203821656 0.19904458598726116 0.4349124203821656 0.18471337579617836
6 0.21496815286624202 0.10668789808917198 0.21596337579617836 0.13535031847133758 0.29160031847133755 0.13535031847133758 0.29160031847133755 0.10828025477707007
6 0.6041003184713375 0.19426751592356686 0.602109872611465 0.21496815286624205 0.67078025477707 0.21337579617834396 0.67078025477707 0.18949044585987262
6 0.09156050955414012 0.7977707006369427 0.09355095541401273 0.8407643312101911 0.2896098726114649 0.8423566878980892 0.29160031847133755 0.8248407643312102 0.15127388535031847 0.8136942675159236 0.14530254777070062 0.804140127388535
6 0.20601114649681526 0.7006369426751591 0.20601114649681526 0.7707006369426752 0.28562898089171973 0.7707006369426752 0.28861464968152867 0.7468152866242037 0.3125 0.7356687898089171 0.3115047770700637 0.697452229299363
6 0.3533041401273886 0.4872611464968153 0.35429936305732485 0.5302547770700637 0.527468152866242 0.5334394904458599 0.5284633757961783 0.5143312101910829 0.3871417197452229 0.5031847133757962 0.38216560509554137 0.49203821656050956
6 0.6538614649681527 0.643312101910828 0.6518710191082802 0.6671974522292995 0.6827229299363057 0.6687898089171973 0.6837181528662419 0.6496815286624203
6 0.8379777070063694 0.644904458598726 0.8379777070063694 0.6624203821656051 0.8628582802547772 0.6592356687898089 0.8638535031847134 0.643312101910828
6 0.8797770700636941 0.5334394904458599 0.8807722929936306 0.5557324840764332 0.9046576433121019 0.5573248407643312 0.9066480891719745 0.5366242038216561
6 0.7822452229299363 0.5939490445859873 0.7842356687898089 0.6098726114649682 0.5702627388535031 0.6194267515923567 0.566281847133758 0.5939490445859873
